   60
G001071045  0.000000  0.099008  0.252854  0.152809  0.380526  0.349331
  0.138144  0.152166  0.178686  0.226013  0.156922  0.219959  0.221895
  0.238829  0.244417  0.276105  0.219449  0.156184  0.098203  0.231082
  0.000010  0.001039  0.216607  0.156553  0.233920  0.161465  0.227030
  0.248474  0.221435  0.195118  0.236727  0.240832  0.153794  0.243978
  0.232967  0.251124  0.226338  1.034208  0.236916  0.227109  0.260044
  0.040547  0.228934  0.098203  0.095179  0.104899  0.099005  0.153143
  0.224314  0.270898  0.691901  0.247946  0.155926  0.207891  0.244831
  0.212606  0.251731  0.805839  0.244899  0.106062
G000788095  0.099008  0.000000  0.244120  0.166263  0.376252  0.345644
  0.154093  0.165884  0.184068  0.212417  0.170599  0.217883  0.222700
  0.235579  0.238064  0.266141  0.215109  0.161937  0.050444  0.214464
  0.099008  0.100118  0.211555  0.170379  0.229480  0.174708  0.222863
  0.240319  0.214408  0.201876  0.233209  0.236029  0.167629  0.232653
  0.230311  0.236094  0.226586  1.038661  0.231908  0.222650  0.244422
  0.090902  0.227769  0.050444  0.053410  0.057463  0.049898  0.169430
  0.222157  0.264619  0.688801  0.239490  0.172897  0.211192  0.238500
  0.228606  0.235880  0.806520  0.238077  0.047018
G001275075  0.252854  0.244120  0.000000  0.250615  0.395807  0.319774
  0.240108  0.252486  0.220857  0.191832  0.247138  0.225386  0.224870
  0.235251  0.160448  0.139790  0.222424  0.242134  0.227486  0.235231
  0.252854  0.253074  0.222722  0.254671  0.229740  0.260806  0.229909
  0.003995  0.234449  0.243876  0.236041  0.161011  0.251501  0.023331
  0.229908  0.031531  0.225401  1.030573  0.234704  0.229784  0.217635
  0.258151  0.231982  0.227486  0.246712  0.232452  0.238707  0.250688
  0.224296  0.127101  0.694247  0.002728  0.253668  0.227271  0.161895
  0.170505  0.030631  0.801749  0.025250  0.246296
G001072915  0.152809  0.166263  0.250615  0.000000  0.371397  0.342921
  0.052452  0.000424  0.187491  0.244816  0.003774  0.226626  0.218443
  0.239156  0.245750  0.263868  0.221785  0.058791  0.165965  0.226737
  0.152809  0.153320  0.216544  0.003562  0.235992  0.006365  0.230898
  0.247362  0.221798  0.221565  0.238047  0.244806  0.000210  0.241619
  0.233754  0.244395  0.221157  1.036010  0.237575  0.229520  0.241263
  0.166478  0.230747  0.165965  0.165977  0.167008  0.162311  0.000835
  0.229226  0.263564  0.689510  0.246623  0.002543  0.199629  0.247354
  0.198615  0.244198  0.797338  0.244645  0.169074
G001499755  0.380526  0.376252  0.395807  0.371397  0.000000  0.371062
  0.359742  0.369941  0.367095  0.408678  0.377397  0.399509  0.399036
  0.410534  0.389111  0.403092  0.392243  0.370774  0.389939  0.395553
  0.380526  0.380609  0.405386  0.372629  0.400842  0.380357  0.409422
  0.389354  0.394292  0.390139  0.406567  0.386708  0.373169  0.391737
  0.403256  0.398582  0.399330  0.980066  0.404276  0.408044  0.366353
  0.387202  0.395698  0.389939  0.384598  0.389090  0.386499  0.372409
  0.411563  0.409474  0.586511  0.389573  0.374130  0.365953  0.390307
  0.372420  0.396389  0.696510  0.395823  0.391390
G001276355  0.349331  0.345644  0.319774  0.342921  0.371062  0.000000
  0.330645  0.345146  0.344192  0.311453  0.347969  0.336269  0.338312
  0.352022  0.301537  0.304650  0.329760  0.337188  0.343776  0.339256
  0.349331  0.349820  0.334355  0.344400  0.343719  0.352776  0.334592
  0.315115  0.333689  0.331761  0.346826  0.298668  0.344110  0.307462
  0.343777  0.311787  0.339976  0.978089  0.345302  0.333571  0.288245
  0.357106  0.333326  0.343776  0.333298  0.345466  0.335321  0.348372
  0.343494  0.302518  0.665315  0.315538  0.351221  0.308116  0.302653
  0.348545  0.312019  0.766860  0.315628  0.343691
G000758465  0.138144  0.154093  0.240108  0.052452  0.359742  0.330645
  0.000000  0.052795  0.178910  0.244986  0.056143  0.217464  0.213421
  0.228400  0.240960  0.265676  0.211506  0.062846  0.156151  0.220315
  0.138144  0.139045  0.206623  0.056110  0.223079  0.058781  0.224880
  0.236332  0.216232  0.214928  0.226621  0.241552  0.052626  0.231811
  0.223114  0.236053  0.221253  1.027745  0.224721  0.223820  0.245435
  0.152034  0.219321  0.156151  0.151778  0.153952  0.152704  0.053519
  0.224084  0.260737  0.674903  0.235364  0.054493  0.187050  0.242212
  0.187111  0.236711  0.777401  0.234372  0.156570
G001072155  0.152166  0.165884  0.252486  0.000424  0.369941  0.345146
  0.052795  0.000000  0.187621  0.245523  0.004275  0.226329  0.218681
  0.239575  0.246829  0.264859  0.222029  0.058768  0.165596  0.226661
  0.152166  0.152685  0.216518  0.004055  0.236348  0.006916  0.230425
  0.249158  0.221874  0.224115  0.238441  0.245878  0.000640  0.242753
  0.234064  0.245585  0.221003  1.036110  0.238826  0.229896  0.243573
  0.166370  0.229752  0.165596  0.165844  0.167437  0.162390  0.001276
  0.229237  0.265124  0.692369  0.248403  0.003025  0.201104  0.248462
  0.198878  0.245374  0.797263  0.245711  0.168590
G001431675  0.178686  0.184068  0.220857  0.187491  0.367095  0.344192
  0.178910  0.187621  0.000000  0.235094  0.183841  0.216187  0.196418
  0.210311  0.242253  0.254702  0.198990  0.188957  0.177905  0.210245
  0.178686  0.179065  0.200530  0.191462  0.206027  0.197404  0.214658
  0.225098  0.196584  0.223097  0.207664  0.242999  0.188276  0.211721
  0.204438  0.220248  0.195877  1.032702  0.208182  0.214940  0.246146
  0.188994  0.206353  0.177905  0.182160  0.167430  0.174672  0.191851
  0.211992  0.241474  0.654163  0.224991  0.197235  0.219709  0.242987
  0.218479  0.220757  0.784062  0.223973  0.185410
G001499715  0.226013  0.212417  0.191832  0.244816  0.408678  0.311453
  0.244986  0.245523  0.235094  0.000000  0.249932  0.199953  0.202554
  0.206942  0.160602  0.179122  0.200248  0.228795  0.211138  0.201848
  0.226013  0.227422  0.200874  0.249055  0.202613  0.252751  0.203025
  0.188580  0.203608  0.229717  0.205098  0.160250  0.245661  0.182553
  0.201596  0.190752  0.199106  1.016090  0.205940  0.203262  0.221084
  0.235721  0.194624  0.211138  0.212258  0.207116  0.209713  0.244914
  0.206412  0.177538  0.689939  0.187573  0.247651  0.253363  0.161832
  0.249730  0.192876  0.808420  0.191966  0.209702
G001070865  0.156922  0.170599  0.247138  0.003774  0.377397  0.347969
  0.056143  0.004275  0.183841  0.249932  0.000000  0.231006  0.218938
  0.235073  0.251190  0.269227  0.222053  0.062295  0.162821  0.231297
  0.156922  0.157444  0.220538  0.007391  0.231932  0.010263  0.235656
  0.252475  0.225996  0.226097  0.233988  0.250299  0.003587  0.242822
  0.229720  0.249491  0.217192  1.046439  0.233492  0.234291  0.246103
  0.171062  0.235031  0.162821  0.170531  0.163622  0.166320  0.002937
  0.225744  0.260066  0.696632  0.251911  0.006407  0.203292  0.252792
  0.199794  0.249252  0.788315  0.245833  0.172905
G001069295  0.219959  0.217883  0.225386  0.226626  0.399509  0.336269
  0.217464  0.226329  0.216187  0.199953  0.231006  0.000000  0.054271
  0.071414  0.212782  0.228495  0.051143  0.215486  0.214213  0.064162
  0.219959  0.219237  0.054328  0.230105  0.062725  0.235144  0.023360
  0.221512  0.058078  0.171058  0.068141  0.208932  0.227022  0.215503
  0.065239  0.222008  0.059618  1.033377  0.067706  0.022840  0.238956
  0.233238  0.068425  0.214213  0.214973  0.206658  0.205042  0.226314
  0.027364  0.229013  0.670087  0.222267  0.231205  0.236148  0.213955
  0.243939  0.222363  0.794381  0.220492  0.209265
G001542395  0.221895  0.222700  0.224870  0.218443  0.399036  0.338312
  0.213421  0.218681  0.196418  0.202554  0.218938  0.054271  0.000000
  0.051908  0.217761  0.233626  0.034035  0.215394  0.215859  0.036863
  0.221895  0.221178  0.040962  0.221854  0.047061  0.226754  0.056701
  0.223001  0.033265  0.166310  0.047411  0.218887  0.218238  0.219124
  0.045306  0.227061  0.035640  1.028400  0.046186  0.056128  0.234164
  0.233121  0.048929  0.215859  0.216993  0.204393  0.208028  0.218143
  0.057559  0.228287  0.671037  0.223923  0.221829  0.234744  0.219390
  0.244256  0.227437  0.780989  0.226716  0.211022
G001069715  0.238829  0.235579  0.235251  0.239156  0.410534  0.352022
  0.228400  0.239575  0.210311  0.206942  0.235073  0.071414  0.051908
  0.000000  0.234595  0.254629  0.053896  0.229591  0.224103  0.064946
  0.238829  0.238180  0.059148  0.242405  0.009314  0.242736  0.070863
  0.239441  0.054159  0.185396  0.005679  0.234906  0.239096  0.226914
  0.006951  0.239437  0.058967  1.038859  0.005726  0.070364  0.245374
  0.249585  0.032704  0.224103  0.225040  0.217322  0.214124  0.243363
  0.067623  0.245755  0.690106  0.240532  0.239604  0.248984  0.236201
  0.259831  0.239444  0.794447  0.238766  0.222633
G001070185  0.244417  0.238064  0.160448  0.245750  0.389111  0.301537
  0.240960  0.246829  0.242253  0.160602  0.251190  0.212782  0.217761
  0.234595  0.000000  0.154234  0.215844  0.234968  0.229513  0.220423
  0.244417  0.245355  0.216237  0.249929  0.228232  0.254727  0.213331
  0.159020  0.219656  0.225489  0.230301  0.002127  0.246596  0.153109
  0.227803  0.159790  0.218200  1.000758  0.229865  0.214896  0.210629
  0.253142  0.221801  0.229513  0.235203  0.232498  0.230363  0.246135
  0.218735  0.150937  0.666735  0.156823  0.248402  0.230004  0.000010
  0.204589  0.159021  0.781199  0.156982  0.235610
G001275095  0.276105  0.266141  0.139790  0.263868  0.403092  0.304650
  0.265676  0.264859  0.254702  0.179122  0.269227  0.228495  0.233626
  0.254629  0.154234  0.000000  0.239244  0.256458  0.256539  0.238139
  0.276105  0.275795  0.232352  0.260226  0.249332  0.273810  0.236812
  0.136741  0.243884  0.254673  0.251994  0.154577  0.264870  0.133423
  0.247696  0.136167  0.238769  1.032199  0.251850  0.236538  0.213845
  0.285796  0.243011  0.256539  0.261766  0.256061  0.254135  0.263941
  0.237551  0.029073  0.678921  0.136441  0.264742  0.247597  0.155781
  0.218259  0.136521  0.789303  0.138064  0.261967
G001071195  0.219449  0.215109  0.222424  0.221785  0.392243  0.329760
  0.211506  0.222029  0.198990  0.200248  0.222053  0.051143  0.034035
  0.053896  0.215844  0.239244  0.000000  0.211150  0.214661  0.047180
  0.219449  0.218727  0.039932  0.225227  0.044336  0.229678  0.058088
  0.222812  0.040169  0.165083  0.049590  0.212872  0.221603  0.219051
  0.047469  0.225067  0.040172  1.016240  0.048987  0.057512  0.228871
  0.228151  0.051317  0.214661  0.211558  0.201551  0.201365  0.221480
  0.058018  0.231508  0.678595  0.222590  0.224857  0.228757  0.217474
  0.237440  0.225456  0.779193  0.222892  0.204011
G001069645  0.156184  0.161937  0.242134  0.058791  0.370774  0.337188
  0.062846  0.058768  0.188957  0.228795  0.062295  0.215486  0.215394
  0.229591  0.234968  0.256458  0.211150  0.000000  0.166862  0.217483
  0.156184  0.157463  0.206273  0.062700  0.222969  0.064346  0.222918
  0.239502  0.215632  0.214949  0.226485  0.234852  0.059012  0.230737
  0.222155  0.237276  0.216334  1.029051  0.224060  0.221575  0.239321
  0.162945  0.221108  0.166862  0.162728  0.162210  0.161227  0.059648
  0.219909  0.252288  0.689460  0.237819  0.061384  0.200923  0.236645
  0.200251  0.237202  0.793995  0.233374  0.165152
G001274675  0.098203  0.050444  0.227486  0.165965  0.389939  0.343776
  0.156151  0.165596  0.177905  0.211138  0.162821  0.214213  0.215859
  0.224103  0.229513  0.256539  0.214661  0.166862  0.000000  0.225754
  0.098203  0.099661  0.210659  0.170021  0.218681  0.174967  0.218046
  0.232929  0.215552  0.209711  0.221847  0.228718  0.166442  0.221664
  0.219051  0.231882  0.217122  1.059429  0.221100  0.218073  0.248794
  0.098761  0.223569  0.000010  0.055838  0.052028  0.047473  0.169111
  0.209775  0.246701  0.691711  0.231410  0.172590  0.216113  0.230232
  0.227287  0.232099  0.797793  0.230717  0.054014
G001499695  0.231082  0.214464  0.235231  0.226737  0.395553  0.339256
  0.220315  0.226661  0.210245  0.201848  0.231297  0.064162  0.036863
  0.064946  0.220423  0.238139  0.047180  0.217483  0.225754  0.000000
  0.231082  0.230378  0.049966  0.230224  0.059956  0.235291  0.065794
  0.230545  0.042871  0.173105  0.060984  0.222494  0.226867  0.225828
  0.058109  0.232647  0.044235  1.037226  0.060739  0.064998  0.231063
  0.228157  0.055762  0.225754  0.220697  0.218910  0.214817  0.227125
  0.067795  0.237276  0.688147  0.231291  0.231742  0.239065  0.221773
  0.250842  0.233789  0.798346  0.229544  0.220620
G001073045  0.000010  0.099008  0.252854  0.152809  0.380526  0.349331
  0.138144  0.152166  0.178686  0.226013  0.156922  0.219959  0.221895
  0.238829  0.244417  0.276105  0.219449  0.156184  0.098203  0.231082
  0.000000  0.001039  0.216607  0.156553  0.233920  0.161465  0.227030
  0.248474  0.221435  0.195118  0.236727  0.240832  0.153794  0.243978
  0.232967  0.251124  0.226338  1.034208  0.236916  0.227109  0.260044
  0.040547  0.228934  0.098203  0.095179  0.104899  0.099005  0.153143
  0.224314  0.270898  0.691901  0.247946  0.155926  0.207891  0.244831
  0.212606  0.251731  0.805839  0.244899  0.106062
G001071065  0.001039  0.100118  0.253074  0.153320  0.380609  0.349820
  0.139045  0.152685  0.179065  0.227422  0.157444  0.219237  0.221178
  0.238180  0.245355  0.275795  0.218727  0.157463  0.099661  0.230378
  0.001039  0.000000  0.215881  0.157074  0.233267  0.162003  0.226322
  0.248681  0.220721  0.194838  0.236078  0.241770  0.154310  0.244175
  0.232316  0.251341  0.225631  1.033709  0.236263  0.226398  0.259497
  0.041501  0.228232  0.099661  0.096119  0.105636  0.099521  0.153654
  0.223599  0.270499  0.693569  0.248151  0.156449  0.207855  0.245767
  0.213379  0.251948  0.806420  0.245145  0.106502
G001068915  0.216607  0.211555  0.222722  0.216544  0.405386  0.334355
  0.206623  0.216518  0.200530  0.200874  0.220538  0.054328  0.040962
  0.059148  0.216237  0.232352  0.039932  0.206273  0.210659  0.049966
  0.216607  0.215881  0.000000  0.219923  0.054244  0.225341  0.055276
  0.218652  0.045798  0.168326  0.055268  0.217339  0.216327  0.215441
  0.052447  0.222003  0.050720  1.023803  0.055265  0.054918  0.226549
  0.226858  0.048241  0.210659  0.208545  0.205302  0.202708  0.216898
  0.056189  0.228828  0.677073  0.218665  0.220561  0.223982  0.217675
  0.243303  0.222770  0.801036  0.221195  0.205328
G001071335  0.156553  0.170379  0.254671  0.003562  0.372629  0.344400
  0.056110  0.004055  0.191462  0.249055  0.007391  0.230105  0.221854
  0.242405  0.249929  0.260226  0.225227  0.062700  0.170021  0.230224
  0.156553  0.157074  0.219923  0.000000  0.239212  0.010033  0.234391
  0.251384  0.225212  0.225374  0.241272  0.249026  0.003796  0.245614
  0.236944  0.247526  0.224300  1.040119  0.240818  0.233021  0.243973
  0.170339  0.233903  0.170021  0.169751  0.171072  0.165826  0.004412
  0.232724  0.267005  0.686031  0.250638  0.006189  0.204592  0.251532
  0.203078  0.248173  0.796073  0.248660  0.172489
G001069605  0.233920  0.229480  0.229740  0.235992  0.400842  0.343719
  0.223079  0.236348  0.206027  0.202613  0.231932  0.062725  0.047061
  0.009314  0.228232  0.249332  0.044336  0.222969  0.218681  0.059956
  0.233920  0.233267  0.054244  0.239212  0.000000  0.243918  0.067756
  0.233889  0.049315  0.180262  0.005256  0.224449  0.235910  0.221443
  0.002304  0.233855  0.054079  1.034677  0.005081  0.067241  0.236939
  0.244462  0.027599  0.218681  0.219578  0.211948  0.208744  0.240172
  0.064080  0.240636  0.677877  0.234978  0.243299  0.242072  0.229845
  0.250664  0.233891  0.788083  0.233199  0.222503
G001072845  0.161465  0.174708  0.260806  0.006365  0.380357  0.352776
  0.058781  0.006916  0.197404  0.252751  0.010263  0.235144  0.226754
  0.242736  0.254727  0.273810  0.229678  0.064346  0.174967  0.235291
  0.161465  0.162003  0.225341  0.010033  0.243918  0.000000  0.239168
  0.257814  0.230132  0.226538  0.241591  0.253866  0.006620  0.252057
  0.241595  0.254508  0.229492  1.041804  0.241135  0.237803  0.249988
  0.173515  0.238487  0.174967  0.172473  0.174049  0.170616  0.007232
  0.237044  0.271440  0.697438  0.256685  0.004514  0.209191  0.256340
  0.210082  0.253950  0.805694  0.254775  0.170219
G001072195  0.227030  0.222863  0.229909  0.230898  0.409422  0.334592
  0.224880  0.230425  0.214658  0.203025  0.235656  0.023360  0.056701
  0.070863  0.213331  0.236812  0.058088  0.222918  0.218046  0.065794
  0.227030  0.226322  0.055276  0.234391  0.067756  0.239168  0.000000
  0.226535  0.057024  0.179123  0.068767  0.214568  0.231324  0.219244
  0.065879  0.227848  0.060844  1.034045  0.068799  0.000629  0.236874
  0.234097  0.061455  0.218046  0.218116  0.214827  0.212270  0.231295
  0.033715  0.234690  0.687037  0.226491  0.235799  0.235109  0.214686
  0.253152  0.229046  0.802132  0.227771  0.217252
G001069565  0.248474  0.240319  0.003995  0.247362  0.389354  0.315115
  0.236332  0.249158  0.225098  0.188580  0.252475  0.221512  0.223001
  0.239441  0.159020  0.136741  0.222812  0.239502  0.232929  0.230545
  0.248474  0.248681  0.218652  0.251384  0.233889  0.257814  0.226535
  0.000000  0.229803  0.235882  0.236876  0.159563  0.248219  0.022720
  0.234040  0.029392  0.230889  1.021453  0.235376  0.226391  0.215093
  0.254197  0.227685  0.232929  0.242621  0.237025  0.235218  0.247436
  0.229833  0.132329  0.684124  0.000626  0.250357  0.226913  0.160467
  0.170999  0.027906  0.806981  0.025333  0.242781
G001595975  0.221435  0.214408  0.234449  0.221798  0.394292  0.333689
  0.216232  0.221874  0.196584  0.203608  0.225996  0.058078  0.033265
  0.054159  0.219656  0.243884  0.040169  0.215632  0.215552  0.042871
  0.221435  0.220721  0.045798  0.225212  0.049315  0.230132  0.057024
  0.229803  0.000000  0.167281  0.050338  0.221082  0.221618  0.221365
  0.047554  0.226436  0.040153  1.027538  0.050025  0.056235  0.230372
  0.230734  0.049804  0.215552  0.206411  0.206226  0.199993  0.225854
  0.059647  0.241500  0.669196  0.230556  0.230220  0.233780  0.221271
  0.247974  0.227637  0.795279  0.231040  0.209534
G001070785  0.195118  0.201876  0.243876  0.221565  0.390139  0.331761
  0.214928  0.224115  0.223097  0.229717  0.226097  0.171058  0.166310
  0.185396  0.225489  0.254673  0.165083  0.214949  0.209711  0.173105
  0.195118  0.194838  0.168326  0.225374  0.180262  0.226538  0.179123
  0.235882  0.167281  0.000000  0.187358  0.223704  0.222459  0.235469
  0.180468  0.235693  0.171278  1.015728  0.185764  0.180787  0.224382
  0.208979  0.175741  0.209711  0.198052  0.202433  0.198907  0.221004
  0.183387  0.254639  0.692012  0.236485  0.225935  0.202360  0.226381
  0.226895  0.236274  0.805657  0.239845  0.198173
G001072635  0.236727  0.233209  0.236041  0.238047  0.406567  0.346826
  0.226621  0.238441  0.207664  0.205098  0.233988  0.068141  0.047411
  0.005679  0.230301  0.251994  0.049590  0.226485  0.221847  0.060984
  0.236727  0.236078  0.055268  0.241272  0.005256  0.241591  0.068767
  0.236876  0.050338  0.187358  0.000000  0.230896  0.237979  0.227473
  0.002929  0.236858  0.057567  1.031611  0.001260  0.068259  0.240644
  0.250601  0.029279  0.221847  0.222764  0.214197  0.211918  0.242227
  0.067161  0.245885  0.685813  0.237962  0.240977  0.248052  0.231908
  0.259033  0.237514  0.793122  0.239546  0.220379
G001069405  0.240832  0.236029  0.161011  0.244806  0.386708  0.298668
  0.241552  0.245878  0.242999  0.160250  0.250299  0.208932  0.218887
  0.234906  0.002127  0.154577  0.212872  0.234852  0.228718  0.222494
  0.240832  0.241770  0.217339  0.249026  0.224449  0.253866  0.214568
  0.159563  0.221082  0.223704  0.230896  0.000000  0.245654  0.153325
  0.228368  0.160216  0.219015  0.996569  0.231324  0.216161  0.209078
  0.250021  0.222373  0.228718  0.234706  0.231733  0.230311  0.245195
  0.219879  0.151758  0.665501  0.157339  0.248345  0.230524  0.002121
  0.199577  0.159574  0.782025  0.158876  0.235168
G001070945  0.153794  0.167629  0.251501  0.000210  0.373169  0.344110
  0.052626  0.000640  0.188276  0.245661  0.003587  0.227022  0.218238
  0.239096  0.246596  0.264870  0.221603  0.059012  0.166442  0.226867
  0.153794  0.154310  0.216327  0.003796  0.235910  0.006620  0.231324
  0.248219  0.221618  0.222459  0.237979  0.245654  0.000000  0.242434
  0.233657  0.245230  0.220972  1.044193  0.237504  0.229937  0.241605
  0.167839  0.230629  0.166442  0.167331  0.167492  0.162761  0.001050
  0.229642  0.264557  0.689262  0.247474  0.002775  0.200496  0.248210
  0.200687  0.245025  0.794095  0.245484  0.170036
G001071115  0.243978  0.232653  0.023331  0.241619  0.391737  0.307462
  0.231811  0.242753  0.211721  0.182553  0.242822  0.215503  0.219124
  0.226914  0.153109  0.133423  0.219051  0.230737  0.221664  0.225828
  0.243978  0.244175  0.215441  0.245614  0.221443  0.252057  0.219244
  0.022720  0.221365  0.235469  0.227473  0.153325  0.242434  0.000000
  0.221647  0.017631  0.223363  1.028834  0.226482  0.219283  0.207518
  0.250293  0.219828  0.221664  0.233430  0.231686  0.231683  0.242177
  0.220214  0.126206  0.690143  0.022311  0.245814  0.222674  0.154575
  0.162799  0.016410  0.791988  0.024020  0.238942
G001069615  0.232967  0.230311  0.229908  0.233754  0.403256  0.343777
  0.223114  0.234064  0.204438  0.201596  0.229720  0.065239  0.045306
  0.006951  0.227803  0.247696  0.047469  0.222155  0.219051  0.058109
  0.232967  0.232316  0.052447  0.236944  0.002304  0.241595  0.065879
  0.234040  0.047554  0.180468  0.002929  0.228368  0.233657  0.221647
  0.000000  0.234007  0.052288  1.033026  0.002953  0.065357  0.237379
  0.244319  0.026180  0.219051  0.219947  0.212343  0.209153  0.237903
  0.061564  0.239768  0.678418  0.235124  0.240980  0.241741  0.229411
  0.254991  0.234042  0.789730  0.232495  0.222597
G001069685  0.251124  0.236094  0.031531  0.244395  0.398582  0.311787
  0.236053  0.245585  0.220248  0.190752  0.249491  0.222008  0.227061
  0.239437  0.159790  0.136167  0.225067  0.237276  0.231882  0.232647
  0.251124  0.251341  0.222003  0.247526  0.233855  0.254508  0.227848
  0.029392  0.226436  0.235693  0.236858  0.160216  0.245230  0.017631
  0.234007  0.000000  0.231070  1.039723  0.235718  0.227966  0.216146
  0.256852  0.226455  0.231882  0.237974  0.237848  0.234830  0.244961
  0.230395  0.133889  0.681982  0.028941  0.247910  0.228563  0.161249
  0.168032  0.002748  0.805474  0.024245  0.241940
G000742995  0.226338  0.226586  0.225401  0.221157  0.399330  0.339976
  0.221253  0.221003  0.195877  0.199106  0.217192  0.059618  0.035640
  0.058967  0.218200  0.238769  0.040172  0.216334  0.217122  0.044235
  0.226338  0.225631  0.050720  0.224300  0.054079  0.229492  0.060844
  0.230889  0.040153  0.171278  0.057567  0.219015  0.220972  0.223363
  0.052288  0.231070  0.000000  1.029369  0.057300  0.059830  0.237104
  0.234972  0.057947  0.217122  0.225931  0.206466  0.213802  0.220855
  0.057787  0.227338  0.687450  0.230844  0.225168  0.239547  0.219924
  0.242203  0.232254  0.785908  0.227173  0.217958
G001431585  1.034208  1.038661  1.030573  1.036010  0.980066  0.978089
  1.027745  1.036110  1.032702  1.016090  1.046439  1.033377  1.028400
  1.038859  1.000758  1.032199  1.016240  1.029051  1.059429  1.037226
  1.034208  1.033709  1.023803  1.040119  1.034677  1.041804  1.034045
  1.021453  1.027538  1.015728  1.031611  0.996569  1.044193  1.028834
  1.033026  1.039723  1.029369  0.000000  1.031244  1.037695  1.015286
  1.044615  1.022330  1.059429  1.050958  1.045562  1.047924  1.038406
  1.045239  1.021716  0.981112  1.021263  1.028690  1.003000  1.002985
  1.073543  1.041897  0.905355  1.032691  1.047646
G001072655  0.236916  0.231908  0.234704  0.237575  0.404276  0.345302
  0.224721  0.238826  0.208182  0.205940  0.233492  0.067706  0.046186
  0.005726  0.229865  0.251850  0.048987  0.224060  0.221100  0.060739
  0.236916  0.236263  0.055265  0.240818  0.005081  0.241135  0.068799
  0.235376  0.050025  0.185764  0.001260  0.231324  0.237504  0.226482
  0.002953  0.235718  0.057300  1.031244  0.000000  0.068339  0.238615
  0.250860  0.029303  0.221100  0.221233  0.214361  0.211106  0.241779
  0.067188  0.245190  0.684500  0.236471  0.240517  0.246837  0.231484
  0.259721  0.236315  0.791784  0.238355  0.219080
G001072535  0.227109  0.222650  0.229784  0.229520  0.408044  0.333571
  0.223820  0.229896  0.214940  0.203262  0.234291  0.022840  0.056128
  0.070364  0.214896  0.236538  0.057512  0.221575  0.218073  0.064998
  0.227109  0.226398  0.054918  0.233021  0.067241  0.237803  0.000629
  0.226391  0.056235  0.180787  0.068259  0.216161  0.229937  0.219283
  0.065357  0.227966  0.059830  1.037695  0.068339  0.000000  0.237345
  0.233949  0.061131  0.218073  0.218144  0.215115  0.211974  0.229914
  0.033023  0.234119  0.685692  0.226346  0.234418  0.235285  0.216257
  0.253450  0.229171  0.800557  0.227888  0.217275
G001431665  0.260044  0.244422  0.217635  0.241263  0.366353  0.288245
  0.245435  0.243573  0.246146  0.221084  0.246103  0.238956  0.234164
  0.245374  0.210629  0.213845  0.228871  0.239321  0.248794  0.231063
  0.260044  0.259497  0.226549  0.243973  0.236939  0.249988  0.236874
  0.215093  0.230372  0.224382  0.240644  0.209078  0.241605  0.207518
  0.237379  0.216146  0.237104  1.015286  0.238615  0.237345  0.000000
  0.262975  0.231310  0.248794  0.244957  0.249456  0.245691  0.245643
  0.240088  0.212574  0.663300  0.214074  0.248135  0.231158  0.211345
  0.236864  0.214916  0.784306  0.216514  0.249044
G001297005  0.040547  0.090902  0.258151  0.166478  0.387202  0.357106
  0.152034  0.166370  0.188994  0.235721  0.171062  0.233238  0.233121
  0.249585  0.253142  0.285796  0.228151  0.162945  0.098761  0.228157
  0.040547  0.041501  0.226858  0.170339  0.244462  0.173515  0.234097
  0.254197  0.230734  0.208979  0.250601  0.250021  0.167839  0.250293
  0.244319  0.256852  0.234972  1.044615  0.250860  0.233949  0.262975
  0.000000  0.234823  0.098761  0.096942  0.105802  0.102572  0.166753
  0.237293  0.277140  0.710194  0.253682  0.169473  0.214098  0.254177
  0.223409  0.257126  0.816469  0.251521  0.106489
G001071285  0.228934  0.227769  0.231982  0.230747  0.395698  0.333326
  0.219321  0.229752  0.206353  0.194624  0.235031  0.068425  0.048929
  0.032704  0.221801  0.243011  0.051317  0.221108  0.223569  0.055762
  0.228934  0.228232  0.048241  0.233903  0.027599  0.238487  0.061455
  0.227685  0.049804  0.175741  0.029279  0.222373  0.230629  0.219828
  0.026180  0.226455  0.057947  1.022330  0.029303  0.061131  0.231310
  0.234823  0.000000  0.223569  0.217822  0.217038  0.206826  0.234863
  0.070285  0.241398  0.682709  0.228437  0.237853  0.232860  0.223416
  0.251726  0.227604  0.797001  0.232914  0.220701
G001274655  0.098203  0.050444  0.227486  0.165965  0.389939  0.343776
  0.156151  0.165596  0.177905  0.211138  0.162821  0.214213  0.215859
  0.224103  0.229513  0.256539  0.214661  0.166862  0.000010  0.225754
  0.098203  0.099661  0.210659  0.170021  0.218681  0.174967  0.218046
  0.232929  0.215552  0.209711  0.221847  0.228718  0.166442  0.221664
  0.219051  0.231882  0.217122  1.059429  0.221100  0.218073  0.248794
  0.098761  0.223569  0.000000  0.055838  0.052028  0.047473  0.169111
  0.209775  0.246701  0.691711  0.231410  0.172590  0.216113  0.230232
  0.227287  0.232099  0.797793  0.230717  0.054014
G001071815  0.095179  0.053410  0.246712  0.165977  0.384598  0.333298
  0.151778  0.165844  0.182160  0.212258  0.170531  0.214973  0.216993
  0.225040  0.235203  0.261766  0.211558  0.162728  0.055838  0.220697
  0.095179  0.096119  0.208545  0.169751  0.219578  0.172473  0.218116
  0.242621  0.206411  0.198052  0.222764  0.234706  0.167331  0.233430
  0.219947  0.237974  0.225931  1.050958  0.221233  0.218144  0.244957
  0.096942  0.217822  0.055838  0.000000  0.051962  0.046026  0.169771
  0.216612  0.260659  0.692472  0.242092  0.172134  0.215053  0.236177
  0.226090  0.237891  0.803757  0.241141  0.045057
G001073225  0.104899  0.057463  0.232452  0.167008  0.389090  0.345466
  0.153952  0.167437  0.167430  0.207116  0.163622  0.206658  0.204393
  0.217322  0.232498  0.256061  0.201551  0.162210  0.052028  0.218910
  0.104899  0.105636  0.205302  0.171072  0.211948  0.174049  0.214827
  0.237025  0.206226  0.202433  0.214197  0.231733  0.167492  0.231686
  0.212343  0.237848  0.206466  1.045562  0.214361  0.215115  0.249456
  0.105802  0.217038  0.052028  0.051962  0.000000  0.042125  0.166908
  0.204929  0.243422  0.682476  0.236417  0.169743  0.219133  0.233210
  0.218741  0.238027  0.792293  0.236023  0.043536
G001431625  0.099005  0.049898  0.238707  0.162311  0.386499  0.335321
  0.152704  0.162390  0.174672  0.209713  0.166320  0.205042  0.208028
  0.214124  0.230363  0.254135  0.201365  0.161227  0.047473  0.214817
  0.099005  0.099521  0.202708  0.165826  0.208744  0.170616  0.212270
  0.235218  0.199993  0.198907  0.211918  0.230311  0.162761  0.231683
  0.209153  0.234830  0.213802  1.047924  0.211106  0.211974  0.245691
  0.102572  0.206826  0.047473  0.046026  0.042125  0.000000  0.162629
  0.210249  0.254665  0.675269  0.234050  0.165719  0.214797  0.231090
  0.224993  0.234584  0.788160  0.232737  0.038539
G001071345  0.153143  0.169430  0.250688  0.000835  0.372409  0.348372
  0.053519  0.001276  0.191851  0.244914  0.002937  0.226314  0.218143
  0.243363  0.246135  0.263941  0.221480  0.059648  0.169111  0.227125
  0.153143  0.153654  0.216898  0.004412  0.240172  0.007232  0.231295
  0.247436  0.225854  0.221004  0.242227  0.245195  0.001050  0.242177
  0.237903  0.244961  0.220855  1.038406  0.241779  0.229914  0.245643
  0.166753  0.234863  0.169111  0.169771  0.166908  0.162629  0.000000
  0.229620  0.263636  0.689684  0.246698  0.003390  0.200571  0.247737
  0.198726  0.244759  0.795549  0.244430  0.168813
G001275085  0.224314  0.222157  0.224296  0.229226  0.411563  0.343494
  0.224084  0.229237  0.211992  0.206412  0.225744  0.027364  0.057559
  0.067623  0.218735  0.237551  0.058018  0.219909  0.209775  0.067795
  0.224314  0.223599  0.056189  0.232724  0.064080  0.237044  0.033715
  0.229833  0.059647  0.183387  0.067161  0.219879  0.229642  0.220214
  0.061564  0.230395  0.057787  1.045239  0.067188  0.033023  0.240088
  0.237293  0.070285  0.209775  0.216612  0.204929  0.210249  0.229620
  0.000000  0.228332  0.694737  0.229788  0.234562  0.242453  0.220468
  0.253611  0.230752  0.780638  0.226439  0.216263
G001651505  0.270898  0.264619  0.127101  0.263564  0.409474  0.302518
  0.260737  0.265124  0.241474  0.177538  0.260066  0.229013  0.228287
  0.245755  0.150937  0.029073  0.231508  0.252288  0.246701  0.237276
  0.270898  0.270499  0.228828  0.267005  0.240636  0.271440  0.234690
  0.132329  0.241500  0.254639  0.245885  0.151758  0.264557  0.126206
  0.239768  0.133889  0.227338  1.021716  0.245190  0.234119  0.212574
  0.277140  0.241398  0.246701  0.260659  0.243422  0.254665  0.263636
  0.228332  0.000000  0.691859  0.131544  0.265263  0.243280  0.152478
  0.209042  0.133809  0.776099  0.132646  0.258260
G000834105  0.691901  0.688801  0.694247  0.689510  0.586511  0.665315
  0.674903  0.692369  0.654163  0.689939  0.696632  0.670087  0.671037
  0.690106  0.666735  0.678921  0.678595  0.689460  0.691711  0.688147
  0.691901  0.693569  0.677073  0.686031  0.677877  0.697438  0.687037
  0.684124  0.669196  0.692012  0.685813  0.665501  0.689262  0.690143
  0.678418  0.681982  0.687450  0.981112  0.684500  0.685692  0.663300
  0.710194  0.682709  0.691711  0.692472  0.682476  0.675269  0.689684
  0.694737  0.691859  0.000000  0.683457  0.688926  0.663854  0.668764
  0.697049  0.684587  0.676077  0.689366  0.685719
G001075985  0.247946  0.239490  0.002728  0.246623  0.389573  0.315538
  0.235364  0.248403  0.224991  0.187573  0.251911  0.222267  0.223923
  0.240532  0.156823  0.136441  0.222590  0.237819  0.231410  0.231291
  0.247946  0.248151  0.218665  0.250638  0.234978  0.256685  0.226491
  0.000626  0.230556  0.236485  0.237962  0.157339  0.247474  0.022311
  0.235124  0.028941  0.230844  1.021263  0.236471  0.226346  0.214074
  0.253682  0.228437  0.231410  0.242092  0.236417  0.234050  0.246698
  0.229788  0.131544  0.683457  0.000000  0.249606  0.225416  0.158273
  0.170829  0.028132  0.809353  0.024670  0.241693
G001072215  0.155926  0.172897  0.253668  0.002543  0.374130  0.351221
  0.054493  0.003025  0.197235  0.247651  0.006407  0.231205  0.221829
  0.239604  0.248402  0.264742  0.224857  0.061384  0.172590  0.231742
  0.155926  0.156449  0.220561  0.006189  0.243299  0.004514  0.235799
  0.250357  0.230220  0.225935  0.240977  0.248345  0.002775  0.245814
  0.240980  0.247910  0.225168  1.028690  0.240517  0.234418  0.248135
  0.169473  0.237853  0.172590  0.172134  0.169743  0.165719  0.003390
  0.234562  0.265263  0.688926  0.249606  0.000000  0.204024  0.250020
  0.202331  0.247681  0.798452  0.248087  0.166976
G001274595  0.207891  0.211192  0.227271  0.199629  0.365953  0.308116
  0.187050  0.201104  0.219709  0.253363  0.203292  0.236148  0.234744
  0.248984  0.230004  0.247597  0.228757  0.200923  0.216113  0.239065
  0.207891  0.207855  0.223982  0.204592  0.242072  0.209191  0.235109
  0.226913  0.233780  0.202360  0.248052  0.230524  0.200496  0.222674
  0.241741  0.228563  0.239547  1.003000  0.246837  0.235285  0.231158
  0.214098  0.232860  0.216113  0.215053  0.219133  0.214797  0.200571
  0.242453  0.243280  0.663854  0.225416  0.204024  0.000000  0.231480
  0.192611  0.227739  0.761204  0.225486  0.221771
G001068765  0.244831  0.238500  0.161895  0.247354  0.390307  0.302653
  0.242212  0.248462  0.242987  0.161832  0.252792  0.213955  0.219390
  0.236201  0.000010  0.155781  0.217474  0.236645  0.230232  0.221773
  0.244831  0.245767  0.217675  0.251532  0.229845  0.256340  0.214686
  0.160467  0.221271  0.226381  0.231908  0.002121  0.248210  0.154575
  0.229411  0.161249  0.219924  1.002985  0.231484  0.216257  0.211345
  0.254177  0.223416  0.230232  0.236177  0.233210  0.231090  0.247737
  0.220468  0.152478  0.668764  0.158273  0.250020  0.231480  0.000000
  0.205847  0.160472  0.784025  0.158471  0.236317
G001051925  0.212606  0.228606  0.170505  0.198615  0.372420  0.348545
  0.187111  0.198878  0.218479  0.249730  0.199794  0.243939  0.244256
  0.259831  0.204589  0.218259  0.237440  0.200251  0.227287  0.250842
  0.212606  0.213379  0.243303  0.203078  0.250664  0.210082  0.253152
  0.170999  0.247974  0.226895  0.259033  0.199577  0.200687  0.162799
  0.254991  0.168032  0.242203  1.073543  0.259721  0.253450  0.236864
  0.223409  0.251726  0.227287  0.226090  0.218741  0.224993  0.198726
  0.253611  0.209042  0.697049  0.170829  0.202331  0.192611  0.205847
  0.000000  0.166140  0.794521  0.167091  0.230755
G000978875  0.251731  0.235880  0.030631  0.244198  0.396389  0.312019
  0.236711  0.245374  0.220757  0.192876  0.249252  0.222363  0.227437
  0.239444  0.159021  0.136521  0.225456  0.237202  0.232099  0.233789
  0.251731  0.251948  0.222770  0.248173  0.233891  0.253950  0.229046
  0.027906  0.227637  0.236274  0.237514  0.159574  0.245025  0.016410
  0.234042  0.002748  0.232254  1.041897  0.236315  0.229171  0.214916
  0.257126  0.227604  0.232099  0.237891  0.238027  0.234584  0.244759
  0.230752  0.133809  0.684587  0.028132  0.247681  0.227739  0.160472
  0.166140  0.000000  0.805051  0.023406  0.241694
G000972335  0.805839  0.806520  0.801749  0.797338  0.696510  0.766860
  0.777401  0.797263  0.784062  0.808420  0.788315  0.794381  0.780989
  0.794447  0.781199  0.789303  0.779193  0.793995  0.797793  0.798346
  0.805839  0.806420  0.801036  0.796073  0.788083  0.805694  0.802132
  0.806981  0.795279  0.805657  0.793122  0.782025  0.794095  0.791988
  0.789730  0.805474  0.785908  0.905355  0.791784  0.800557  0.784306
  0.816469  0.797001  0.797793  0.803757  0.792293  0.788160  0.795549
  0.780638  0.776099  0.676077  0.809353  0.798452  0.761204  0.784025
  0.794521  0.805051  0.000000  0.802831  0.805578
G001619675  0.244899  0.238077  0.025250  0.244645  0.395823  0.315628
  0.234372  0.245711  0.223973  0.191966  0.245833  0.220492  0.226716
  0.238766  0.156982  0.138064  0.222892  0.233374  0.230717  0.229544
  0.244899  0.245145  0.221195  0.248660  0.233199  0.254775  0.227771
  0.025333  0.231040  0.239845  0.239546  0.158876  0.245484  0.024020
  0.232495  0.024245  0.227173  1.032691  0.238355  0.227888  0.216514
  0.251521  0.232914  0.230717  0.241141  0.236023  0.232737  0.244430
  0.226439  0.132646  0.689366  0.024670  0.248087  0.225486  0.158471
  0.167091  0.023406  0.802831  0.000000  0.240140
G001071655  0.106062  0.047018  0.246296  0.169074  0.391390  0.343691
  0.156570  0.168590  0.185410  0.209702  0.172905  0.209265  0.211022
  0.222633  0.235610  0.261967  0.204011  0.165152  0.054014  0.220620
  0.106062  0.106502  0.205328  0.172489  0.222503  0.170219  0.217252
  0.242781  0.209534  0.198173  0.220379  0.235168  0.170036  0.238942
  0.222597  0.241940  0.217958  1.047646  0.219080  0.217275  0.249044
  0.106489  0.220701  0.054014  0.045057  0.043536  0.038539  0.168813
  0.216263  0.258260  0.685719  0.241693  0.166976  0.221771  0.236317
  0.230755  0.241694  0.805578  0.240140  0.000000
